--Player--
3778,2069
-21,0
0
-2.0,0.4
73
--Weapon--
Sword
Trusty Sword
6
25
60
20
True
50,51,52,
--Weapon--
Gun
Wooden Hand Cannon
2
180
272
117
False
53,
--------------------------
Platform
-2270,1740,-5446,-101
16,160
14,
--------------------------
Platform
-1920,1920,-2346,1887
32,0
12,
--------------------------
Coin
-1920,1890,412,309
9,9
20,21,22,23,24,25,26,27,
--------------------------
Platform
-1888,1888,-2314,1855
32,32
12,
--------------------------
Platform
-1856,1856,-2282,1823
32,64
12,
--------------------------
Platform
-1824,1824,-2250,1791
32,96
12,
--------------------------
Platform
-1792,1792,-2218,1759
32,128
12,
--------------------------
Platform
-1760,1760,-2186,1727
32,160
12,
--------------------------
Platform
-1728,1728,-2154,1695
32,192
12,
--------------------------
Platform
-1696,1696,-2122,1663
32,224
12,
--------------------------
Platform
-1664,1664,-2090,1631
32,256
12,
--------------------------
Platform
-1632,1632,-2058,1599
32,288
12,
--------------------------
Coin
-1632,1602,412,279
9,9
20,21,22,23,24,25,26,27,
--------------------------
Platform
-1600,1600,-2026,1567
32,320
12,
--------------------------
Platform
-1568,1568,-1994,1535
32,352
12,
--------------------------
Platform
-1536,1536,-1962,1503
32,384
12,
--------------------------
Platform
-1504,1504,-1146,1887
32,416
12,
--------------------------
Platform
-1472,1472,-1114,1855
32,448
12,
--------------------------
Platform
-1440,1440,-1082,1823
32,480
12,
--------------------------
Platform
-1408,1408,-1050,1791
32,512
12,
--------------------------
Coin
-1408,1378,412,269
9,9
20,21,22,23,24,25,26,27,
--------------------------
Platform
-1376,1376,-1018,1759
32,544
12,
--------------------------
Platform
-1344,1344,-1770,1311
32,576
12,
--------------------------
Platform
-1312,1312,-1738,1279
32,608
12,
--------------------------
Platform
-1280,1280,-1706,1247
32,640
12,
--------------------------
Platform
-1248,1248,-1674,1215
32,672
12,
--------------------------
Platform
-1216,1216,-1642,1183
32,704
12,
--------------------------
Platform
-1184,1184,-1610,1151
32,736
12,
--------------------------
Platform
-1152,1152,-1578,1119
32,768
12,
--------------------------
Platform
-1120,1120,-1546,1087
32,800
12,
--------------------------
Platform
-1088,1088,-1514,1055
32,832
12,
--------------------------
Platform
-1056,1056,-1482,1023
32,864
12,
--------------------------
Platform
-1024,1024,-3500,-945
32,896
12,
--------------------------
Platform
-992,992,-2592,262
32,928
12,
--------------------------
Platform
-960,960,-2560,230
32,960
12,
--------------------------
Platform
-928,928,-2320,399
32,992
12,
--------------------------
Platform
-896,896,-2288,367
32,1024
12,
--------------------------
Platform
-864,864,-2256,335
32,1056
12,
--------------------------
Platform
-832,832,-2038,493
32,1088
12,
--------------------------
Platform
-800,800,-2006,461
32,1120
12,
--------------------------
Platform
-768,768,-2160,239
32,1152
12,
--------------------------
Platform
-736,736,-2128,207
32,1184
12,
--------------------------
Platform
-704,704,-2096,175
32,1216
12,
--------------------------
Platform
-672,672,-1876,334
32,1248
12,
--------------------------
Platform
-640,640,-1844,302
32,1280
12,
--------------------------
Platform
-608,608,-1812,270
32,1312
12,
--------------------------
Platform
-576,576,-1780,238
32,1344
12,
--------------------------
Platform
-544,544,-1936,15
32,1376
12,
--------------------------
Platform
-512,512,-1712,175
32,1408
12,
--------------------------
Platform
-480,480,-1872,-49
32,1440
12,
--------------------------
Platform
-448,448,-1840,-81
32,1472
12,
--------------------------
Platform
-416,416,-1616,79
32,1504
12,
--------------------------
Platform
-384,384,-1584,47
32,1536
12,
--------------------------
Platform
-352,352,-1744,-177
32,1568
12,
--------------------------
Platform
-320,320,-1712,-209
32,1600
12,
--------------------------
Platform
-288,288,-1680,-241
32,1632
12,
--------------------------
Platform
-256,256,-1648,-273
32,1664
12,
--------------------------
Platform
-224,224,-1616,-305
32,1696
12,
--------------------------
Platform
-192,192,-1584,-337
32,1728
12,
--------------------------
Platform
-160,160,-1552,-369
32,1760
12,
--------------------------
Platform
-128,128,-1520,-401
32,1792
12,
--------------------------
Coin
-128,98,392,322
9,9
20,21,22,23,24,25,26,27,
--------------------------
Platform
-96,96,-1488,-433
32,1824
12,
--------------------------
Coin
-96,66,412,269
9,9
20,21,22,23,24,25,26,27,
--------------------------
Platform
-64,64,-1456,-465
32,1856
12,
--------------------------
Platform
-32,32,-2508,-1937
32,1888
12,
--------------------------
Platform
176,-200,-3000,-2041
32,200
12,
--------------------------
Platform
208,-232,-1390,-960
32,232
12,
--------------------------
Platform
240,-264,-1358,-992
32,264
12,
--------------------------
Platform
272,-296,-1326,-1024
32,296
12,
--------------------------
Platform
304,-328,-1290,-1053
32,328
12,
--------------------------
Platform
336,-360,-1258,-1085
32,360
12,
--------------------------
Platform
368,-392,-1226,-1117
32,392
12,
--------------------------
Platform
400,-424,-1194,-1149
32,424
12,
--------------------------
Platform
432,-456,-1162,-1181
32,456
12,
--------------------------
Platform
464,-488,-1130,-1213
32,488
12,
--------------------------
Platform
496,-520,-1098,-1245
32,520
12,
--------------------------
Platform
528,-552,-1066,-1277
32,552
12,
--------------------------
Platform
560,-584,-1034,-1309
32,584
12,
--------------------------
Platform
592,-616,-1002,-1341
32,616
12,
--------------------------
Platform
624,-648,-970,-1373
32,648
12,
--------------------------
Platform
656,-680,-938,-1405
32,680
12,
--------------------------
Platform
688,-712,-906,-1437
32,712
12,
--------------------------
Platform
720,-744,-874,-1469
32,744
12,
--------------------------
Platform
752,-776,-842,-1501
32,776
12,
--------------------------
Platform
784,-808,-810,-1533
32,808
12,
--------------------------
Platform
816,-840,-778,-1565
32,840
12,
--------------------------
Platform
848,-872,-746,-1597
32,872
12,
--------------------------
Platform
880,-904,-714,-1629
32,904
12,
--------------------------
Platform
912,-936,-682,-1661
32,936
12,
--------------------------
Platform
944,-968,-650,-1693
32,968
12,
--------------------------
Platform
976,-1000,-618,-1725
32,1000
12,
--------------------------
Platform
1008,-1032,-370,-1547
32,1032
12,
--------------------------
Platform
1040,-1064,-338,-1579
32,1064
12,
--------------------------
Platform
1072,-1096,-306,-1611
32,1096
12,
--------------------------
Platform
1104,-1128,-274,-1643
32,1128
12,
--------------------------
Platform
1136,-1160,-242,-1675
32,1160
12,
--------------------------
Platform
1168,-1192,-210,-1707
32,1192
12,
--------------------------
Platform
1200,-1224,-178,-1739
32,1224
12,
--------------------------
Platform
1232,-1256,-146,-1771
32,1256
12,
--------------------------
Platform
1264,-1288,-114,-1803
32,1288
12,
--------------------------
Platform
1296,-1320,-82,-1835
32,1320
12,
--------------------------
Platform
1328,-1352,-50,-1867
32,1352
12,
--------------------------
Platform
1360,-1384,-18,-1899
32,1384
12,
--------------------------
Platform
1392,-1416,14,-1931
32,1416
12,
--------------------------
Platform
1424,-1448,46,-1963
32,1448
12,
--------------------------
Platform
1456,-1480,78,-1995
32,1480
12,
--------------------------
Platform
1488,-1512,110,-2027
32,1512
12,
--------------------------
Platform
1520,-1544,498,-1707
32,1544
12,
--------------------------
Platform
1552,-1576,0,0
32,1576
12,
--------------------------
Platform
1584,-1608,0,0
32,1608
12,
--------------------------
Platform
1616,-1640,0,0
32,1640
12,
--------------------------
Platform
1648,-1672,0,0
32,1672
12,
--------------------------
Platform
1680,-1704,0,0
32,1704
12,
--------------------------
Platform
1712,-1736,0,0
32,1736
12,
--------------------------
Platform
1744,-1768,0,0
32,1768
12,
--------------------------
Platform
1776,-1800,0,0
32,1800
12,
--------------------------
Platform
1808,-1832,0,0
32,1832
12,
--------------------------
Platform
1840,-1864,0,0
32,1864
12,
--------------------------
Platform
1872,-1896,0,0
32,1896
12,
--------------------------
Platform
1904,-1928,0,0
32,1928
12,
--------------------------
Platform
1936,-1960,0,0
32,1960
12,
--------------------------
Platform
1968,-1992,0,0
32,1992
12,
--------------------------
Platform
-2720,1900,-1590,1529
2200,500
15,
--------------------------
Platform
0,2016,-1022,1853
16,1120
13,
--------------------------
Platform
0,1504,-1594,779
16,512
13,
--------------------------
Platform
0,0,-1594,-725
16,1504
13,
--------------------------
Platform
16,2160,-564,2093
64,976
13,
--------------------------
Platform
16,1152,-3160,-689
64,1008
13,
--------------------------
Platform
16,0,-1578,-725
64,1152
13,
--------------------------
Platform
80,1968,-936,1807
16,1168
13,
--------------------------
Platform
80,656,-3096,-1185
16,1312
13,
--------------------------
Platform
80,144,-1514,-581
16,512
13,
--------------------------
Platform
96,160,-1498,-565
16,912
13,
--------------------------
Platform
96,1072,-3080,-769
16,1296
13,
--------------------------
Platform
112,160,-1482,-565
32,624
13,
--------------------------
Platform
112,784,-3064,-1057
32,1584
13,
--------------------------
Coin
144,128,384,321
9,9
20,21,22,23,24,25,26,27,
--------------------------
Platform
96,2368,934,2292
64,768
13,
--------------------------
Platform
144,1296,-3032,-545
16,1072
13,
--------------------------
Platform
0,3136,0,0
160,1568
13,
--------------------------
Platform
144,160,-1448,-564
16,1136
13,
--------------------------
Platform
160,3760,0,0
16,944
13,
--------------------------
Platform
160,2368,1002,2284
16,1392
13,
--------------------------
Platform
160,176,-1432,-548
16,832
13,
--------------------------
Platform
160,1008,-3016,-833
16,1360
13,
--------------------------
Platform
176,3552,0,0
16,1152
13,
--------------------------
Platform
176,2848,0,0
16,704
13,
--------------------------
Platform
176,1904,-1410,1183
16,944
13,
--------------------------
Platform
176,176,-1410,-545
16,592
13,
--------------------------
Platform
176,768,-3000,-1073
16,1136
13,
--------------------------
Platform
192,3648,0,0
16,1056
13,
--------------------------
Platform
192,2304,1038,2210
16,1344
13,
--------------------------
Platform
192,864,-2984,-977
16,1440
13,
--------------------------
Platform
192,192,-2984,-1649
16,672
13,
--------------------------
Coin
208,176,414,324
9,9
20,21,22,23,24,25,26,27,
--------------------------
Platform
208,3552,0,0
16,1152
13,
--------------------------
Platform
208,2016,-1378,1295
16,1536
13,
--------------------------
Platform
208,192,-2968,-1649
16,1216
13,
--------------------------
Platform
208,1408,-2968,-433
16,608
13,
--------------------------
Platform
224,3136,0,0
16,1568
13,
--------------------------
Platform
224,2160,-778,1999
16,976
13,
--------------------------
Platform
224,784,-1958,-320
16,1376
13,
--------------------------
Platform
224,208,-1958,-896
16,576
13,
--------------------------
Platform
240,3760,0,0
80,944
13,
--------------------------
Platform
240,2368,1228,2142
80,1392
13,
--------------------------
Platform
240,224,-1942,-880
80,784
13,
--------------------------
Platform
240,1008,-1942,-96
80,1360
13,
--------------------------
Coin
320,192,412,287
9,9
20,21,22,23,24,25,26,27,
--------------------------
Platform
320,3360,0,0
16,1344
13,
--------------------------
Platform
320,2016,-1862,912
16,1344
13,
--------------------------
Platform
320,864,-1862,-240
16,1152
13,
--------------------------
Platform
320,240,-1862,-864
16,624
13,
--------------------------
Platform
176,0,-1404,-721
224,48
13,
--------------------------
Platform
336,3472,0,0
64,1232
13,
--------------------------
Platform
336,2304,1328,2078
64,1168
13,
--------------------------
Platform
336,240,-1846,-864
64,1584
13,
--------------------------
Platform
336,1824,-1846,720
64,480
13,
--------------------------
Platform
400,3760,0,0
32,944
13,
--------------------------
Platform
400,2368,1394,2142
32,1392
13,
--------------------------
Platform
400,240,-1782,-864
32,768
13,
--------------------------
Platform
400,1008,-1782,-96
32,1360
13,
--------------------------
Platform
432,3648,0,0
16,1056
13,
--------------------------
Platform
432,2304,1428,2077
16,1344
13,
--------------------------
Platform
432,816,-1750,-288
16,1488
13,
--------------------------
Platform
432,256,-1750,-848
16,560
13,
--------------------------
Platform
400,0,-1782,-1104
64,64
13,
--------------------------
Platform
448,3136,0,0
16,1568
13,
--------------------------
Platform
448,2016,-1734,912
16,1120
13,
--------------------------
Platform
448,272,-1734,-832
16,832
13,
--------------------------
Platform
448,1104,-1734,0
16,912
13,
--------------------------
Platform
464,3360,0,0
16,1344
13,
--------------------------
Platform
464,1824,-1718,720
16,1536
13,
--------------------------
Platform
464,272,-1718,-832
16,1552
13,
--------------------------
Coin
480,240,412,304
9,9
20,21,22,23,24,25,26,27,
--------------------------
Coin
480,272,402,321
9,9
20,21,22,23,24,25,26,27,
--------------------------
Platform
480,3760,0,0
16,944
13,
--------------------------
Platform
480,2848,0,0
16,912
13,
--------------------------
Platform
480,1360,-1702,256
16,1488
13,
--------------------------
Platform
480,288,-1536,-705
16,1072
13,
--------------------------
Platform
496,1152,-1686,48
16,960
13,
--------------------------
Platform
496,304,-1520,-689
16,848
13,
--------------------------
Platform
464,0,-1552,-993
80,80
13,
--------------------------
Platform
496,2112,-1520,1119
48,1024
13,
--------------------------
Platform
512,960,-1670,-144
32,1152
13,
--------------------------
Platform
512,304,-1504,-689
32,656
13,
--------------------------
Platform
544,832,-1638,-272
16,1536
13,
--------------------------
Platform
544,304,-1472,-689
16,528
13,
--------------------------
Platform
560,304,-1456,-689
48,1104
13,
--------------------------
Platform
560,1408,-1622,304
48,960
13,
--------------------------
Platform
544,0,-1274,-961
80,96
13,
--------------------------
Platform
544,2368,-1274,1407
80,768
13,
--------------------------
Platform
608,1504,-1605,368
16,864
13,
--------------------------
Platform
608,320,-1408,-673
16,1184
13,
--------------------------
Platform
496,3136,0,0
160,1568
13,
--------------------------
Platform
624,0,-1186,-947
32,128
13,
--------------------------
Platform
624,1584,-2552,-257
32,1552
13,
--------------------------
Platform
624,336,-1392,-657
32,1248
13,
--------------------------
Platform
656,336,-1360,-657
16,448
13,
--------------------------
Platform
656,1968,-1524,866
16,880
13,
--------------------------
Platform
656,784,-1524,-318
16,1184
13,
--------------------------
Platform
672,336,-1508,-766
16,384
13,
--------------------------
Platform
672,720,-1508,-382
16,1296
13,
--------------------------
Platform
656,3760,0,0
64,944
13,
--------------------------
Platform
656,2848,0,0
64,912
13,
--------------------------
Platform
672,2016,-1508,914
48,832
13,
--------------------------
Platform
688,1152,-1796,-817
32,864
13,
--------------------------
Platform
688,336,-1492,-766
32,816
13,
--------------------------
Platform
720,1824,-2456,-17
16,1536
13,
--------------------------
Platform
720,352,-1460,-750
16,1472
13,
--------------------------
Platform
736,352,-1444,-750
32,432
13,
--------------------------
Platform
736,784,-2440,-1057
32,1376
13,
--------------------------
Platform
768,1072,-2408,-769
16,1088
13,
--------------------------
Platform
768,352,-1412,-750
16,720
13,
--------------------------
Platform
784,1440,-2392,-401
16,720
13,
--------------------------
Platform
784,352,-1396,-750
16,1088
13,
--------------------------
Platform
736,2160,-1473,1028
80,1200
13,
--------------------------
Platform
720,3360,0,0
96,1344
13,
--------------------------
Platform
800,1072,-2376,-769
16,1088
13,
--------------------------
Platform
800,352,-1380,-750
16,720
13,
--------------------------
Coin
816,336,414,303
9,9
20,21,22,23,24,25,26,27,
--------------------------
Platform
816,3648,0,0
16,1056
13,
--------------------------
Platform
816,2160,-1674,191
16,1488
13,
--------------------------
Platform
816,352,-1364,-750
16,624
13,
--------------------------
Platform
816,976,-1674,-993
16,1184
13,
--------------------------
Platform
832,3360,0,0
16,1344
13,
--------------------------
Platform
832,1824,-1658,-145
16,1536
13,
--------------------------
Platform
656,0,-1348,-993
192,160
13,
--------------------------
Platform
832,352,-1346,-748
16,1472
13,
--------------------------
Platform
848,3760,0,0
16,944
13,
--------------------------
Platform
848,2368,-1642,399
16,1392
13,
--------------------------
Platform
848,352,-1330,-748
16,512
13,
--------------------------
Platform
848,864,-1642,-1105
16,1504
13,
--------------------------
Platform
864,3360,0,0
64,1344
13,
--------------------------
Platform
864,2160,-1626,191
64,1200
13,
--------------------------
Platform
864,1072,-1626,-897
64,1088
13,
--------------------------
Platform
864,368,-1314,-732
64,704
13,
--------------------------
Coin
928,352,412,303
9,9
20,21,22,23,24,25,26,27,
--------------------------
Platform
928,3552,0,0
16,1152
13,
--------------------------
Platform
928,2160,-2248,319
16,1392
13,
--------------------------
Platform
928,368,-1562,-1601
16,784
13,
--------------------------
Platform
928,1152,-1562,-817
16,1008
13,
--------------------------
Platform
944,2256,-2232,415
16,880
13,
--------------------------
Platform
944,928,-1546,-1041
16,1328
13,
--------------------------
Platform
944,384,-1546,-1585
16,544
13,
--------------------------
Platform
944,3136,0,0
48,1568
13,
--------------------------
Platform
960,2368,-2216,527
32,768
13,
--------------------------
Platform
960,1008,-1530,-961
32,1360
13,
--------------------------
Platform
960,400,-1530,-1569
32,608
13,
--------------------------
Platform
848,0,-1150,-993
160,176
13,
--------------------------
Platform
992,752,-1498,-1217
16,1552
13,
--------------------------
Platform
992,416,-1498,-1553
16,336
13,
--------------------------
Platform
1008,0,-1166,-1096
16,192
13,
--------------------------
Platform
992,3360,0,0
32,1344
13,
--------------------------
Platform
992,2304,-2184,463
32,1056
13,
--------------------------
Platform
1008,816,-1482,-1153
16,1488
13,
--------------------------
Platform
1024,816,-1466,-1153
16,1152
13,
--------------------------
Platform
1008,432,-1482,-1537
32,384
13,
--------------------------
Platform
1024,3136,0,0
128,1568
13,
--------------------------
Platform
1024,1968,-2152,127
128,1168
13,
--------------------------
Platform
1040,432,-1450,-1537
112,1536
13,
--------------------------
Platform
1152,3360,0,0
16,1344
13,
--------------------------
Platform
1152,2368,-2024,527
16,992
13,
--------------------------
Platform
1024,0,-1144,-1092
144,208
13,
--------------------------
Platform
1152,1072,-1338,-897
16,1296
13,
--------------------------
Platform
1152,448,-1338,-1521
16,624
13,
--------------------------
Platform
1168,3136,-2008,1295
32,1568
13,
--------------------------
Platform
1168,2016,-2008,175
32,1120
13,
--------------------------
Platform
1168,448,-1322,-1521
32,1568
13,
--------------------------
Platform
1200,1584,-1976,-257
16,1136
13,
--------------------------
Platform
1200,464,-1290,-1505
16,1120
13,
--------------------------
Platform
1200,3360,0,0
48,1344
13,
--------------------------
Platform
1200,2720,-1976,879
48,640
13,
--------------------------
Platform
1216,1440,-1960,-401
32,1280
13,
--------------------------
Platform
1216,464,-1274,-1505
32,976
13,
--------------------------
Platform
1248,2256,-1928,415
16,880
13,
--------------------------
Platform
1248,3136,-1928,1295
16,1568
13,
--------------------------
Platform
1248,1104,-1242,-865
16,1152
13,
--------------------------
Platform
1248,480,-1242,-1489
16,624
13,
--------------------------
Coin
1264,464,406,319
9,9
20,21,22,23,24,25,26,27,
--------------------------
Platform
1168,0,-1019,-1121
112,224
13,
--------------------------
Platform
1264,3360,-1912,1519
32,1344
13,
--------------------------
Platform
1280,0,-1210,-1969
16,240
13,
--------------------------
Platform
1264,1824,-1912,-17
32,1536
13,
--------------------------
Platform
1264,480,-1225,-1489
32,1344
13,
--------------------------
Platform
1296,0,-1193,-1969
16,256
13,
--------------------------
Platform
1296,2016,-1880,175
16,1120
13,
--------------------------
Platform
1296,480,-1193,-1489
16,1536
13,
--------------------------
Platform
1296,3136,-1880,1295
48,1568
13,
--------------------------
Platform
1312,1104,-1864,-737
32,1152
13,
--------------------------
Platform
1312,0,-1175,-1969
32,272
13,
--------------------------
Platform
1312,480,-1175,-1489
32,624
13,
--------------------------
Platform
1312,2256,-1864,415
32,880
13,
--------------------------
Platform
1344,3648,0,0
16,1056
13,
--------------------------
Platform
1344,2720,-1832,879
16,928
13,
--------------------------
Platform
1344,0,-1143,-1969
16,288
13,
--------------------------
Platform
1344,1296,-1832,-545
16,1424
13,
--------------------------
Platform
1344,480,-1143,-1489
16,816
13,
--------------------------
Coin
1360,464,412,303
9,9
20,21,22,23,24,25,26,27,
--------------------------
Platform
1360,3760,0,0
16,944
13,
--------------------------
Platform
1360,2368,-1816,527
16,1392
13,
--------------------------
Platform
1360,0,-1125,-1969
16,304
13,
--------------------------
Platform
1360,1360,-1816,-481
16,1008
13,
--------------------------
Platform
1360,480,-1125,-1489
16,880
13,
--------------------------
Coin
1376,448,412,287
9,9
20,21,22,23,24,25,26,27,
--------------------------
Platform
1376,0,-1109,-1969
16,320
13,
--------------------------
Platform
1376,1072,-1800,-769
16,1088
13,
--------------------------
Platform
1376,3136,-1800,1295
16,1568
13,
--------------------------
Platform
1376,480,-1109,-1489
16,592
13,
--------------------------
Platform
1376,2160,-1800,319
16,976
13,
--------------------------
Platform
1392,0,-1091,-1969
16,336
13,
--------------------------
Platform
1392,2368,-1784,527
16,1280
13,
--------------------------
Platform
1392,1408,-1784,-433
16,960
13,
--------------------------
Platform
1392,480,-1091,-1489
16,928
13,
--------------------------
Platform
1408,1968,-1768,127
16,1168
13,
--------------------------
Platform
1408,0,-1075,-1969
16,352
13,
--------------------------
Platform
1408,496,-1075,-1473
16,1472
13,
--------------------------
Platform
1424,2368,-1752,527
16,768
13,
--------------------------
Platform
1424,1152,-1752,-689
16,1216
13,
--------------------------
Platform
1424,0,-920,-1813
16,368
13,
--------------------------
Platform
1424,512,-920,-1301
16,640
13,
--------------------------
Platform
1408,3136,-1768,1295
32,512
13,
--------------------------
Platform
1440,2720,-1736,879
16,928
13,
--------------------------
Platform
1440,0,-900,-1801
16,384
13,
--------------------------
Platform
1440,1152,-1736,-689
16,1568
13,
--------------------------
Platform
1440,528,-900,-1273
16,624
13,
--------------------------
Platform
1456,0,-884,-1801
16,400
13,
--------------------------
Platform
1456,2368,-1720,527
16,1280
13,
--------------------------
Platform
1456,544,-884,-1257
16,608
13,
--------------------------
Platform
1456,1152,-1720,-689
16,1216
13,
--------------------------
Platform
1472,1968,-1704,127
16,1168
13,
--------------------------
Platform
1472,0,-868,-1801
16,416
13,
--------------------------
Platform
1472,3136,-1704,1295
16,512
13,
--------------------------
Platform
1472,560,-868,-1241
16,1408
13,
--------------------------
Platform
1488,2160,-1688,319
16,1488
13,
--------------------------
Platform
1488,0,-814,-1535
16,432
13,
--------------------------
Platform
1488,576,-983,-1382
16,1584
13,
--------------------------
Platform
1504,0,-796,-1523
16,448
13,
--------------------------
Platform
1504,592,-967,-1366
16,1376
13,
--------------------------
Platform
1392,3648,0,0
144,1056
13,
--------------------------
Platform
1520,608,-951,-1350
16,1360
13,
--------------------------
Platform
1504,1968,-1672,127
32,1168
13,
--------------------------
Platform
1504,3136,-1672,1295
32,512
13,
--------------------------
Platform
1520,0,-814,-1754
16,464
13,
--------------------------
Coin
1536,608,392,321
9,9
20,21,22,23,24,25,26,27,
--------------------------
Platform
1536,3552,-1640,1711
16,1152
13,
--------------------------
Platform
1536,2112,-1640,271
16,1440
13,
--------------------------
Platform
1536,624,-933,-1324
16,1488
13,
--------------------------
Platform
1536,0,-798,-1754
16,480
13,
--------------------------
Platform
1552,640,-917,-1308
16,1328
13,
--------------------------
Platform
1552,0,-782,-1754
16,496
13,
--------------------------
Platform
1552,1968,-1624,127
32,1168
13,
--------------------------
Platform
1552,3136,-1624,1295
32,1568
13,
--------------------------
Platform
1568,656,-901,-1292
16,1312
13,
--------------------------
Platform
1568,0,-766,-1754
16,512
13,
--------------------------
Platform
1584,672,-885,-1276
16,1296
13,
--------------------------
Platform
1584,0,-742,-1694
16,528
13,
--------------------------
Platform
1600,688,-869,-1260
16,1280
13,
--------------------------
Platform
1600,0,-700,-1499
16,544
13,
--------------------------
Platform
1616,704,-1560,-1137
16,1264
13,
--------------------------
Platform
1616,0,-684,-1499
16,560
13,
--------------------------
Platform
1584,1968,-1806,180
64,1504
13,
--------------------------
Platform
1584,3472,-1590,1631
64,1232
13,
--------------------------
Platform
1632,0,-668,-1499
16,576
13,
--------------------------
Platform
1632,720,-1542,-1121
16,1248
13,
--------------------------
Platform
1648,1104,-1526,-737
16,1264
13,
--------------------------
Platform
1648,736,-1526,-1105
16,368
13,
--------------------------
Platform
1648,0,-656,-1477
16,592
13,
--------------------------
Platform
1648,3648,-1526,1807
32,1056
13,
--------------------------
Platform
1648,2368,-1742,580
32,1280
13,
--------------------------
Platform
1664,752,-1510,-1089
16,176
13,
--------------------------
Platform
1664,928,-1510,-913
16,1440
13,
--------------------------
Platform
1664,0,-640,-1477
16,608
13,
--------------------------
Platform
1680,3552,-1494,1711
16,1152
13,
--------------------------
Platform
1680,1968,-1710,180
16,1584
13,
--------------------------
Platform
1680,0,-624,-1477
16,624
13,
--------------------------
Platform
1680,768,-1494,-1073
16,1200
13,
--------------------------
Platform
1696,1824,-1694,36
16,1312
13,
--------------------------
Platform
1696,784,-1474,-1057
16,1040
13,
--------------------------
Platform
1696,3136,-1474,1295
32,1568
13,
--------------------------
Platform
1712,800,-1458,-1041
16,1168
13,
--------------------------
Platform
1712,1968,-1678,180
16,1168
13,
--------------------------
Platform
1728,3552,-1363,1726
16,1152
13,
--------------------------
Platform
1728,2016,-1662,228
16,1536
13,
--------------------------
Platform
1696,0,-612,-1455
48,640
13,
--------------------------
Platform
1728,816,-1363,-1010
16,1200
13,
--------------------------
Platform
1744,3760,-1347,1934
16,944
13,
--------------------------
Platform
1744,2368,-1646,580
16,1392
13,
--------------------------
Platform
1744,832,-1347,-994
16,1536
13,
--------------------------
Platform
1760,2256,-1630,468
16,1104
13,
--------------------------
Platform
1760,848,-1331,-976
16,1408
13,
--------------------------
Platform
1744,0,-564,-1455
32,656
13,
--------------------------
Platform
1776,1824,-1614,36
16,1536
13,
--------------------------
Platform
1776,0,-542,-1638
16,672
13,
--------------------------
Platform
1776,864,-1052,-1217
16,960
13,
--------------------------
Platform
1792,2160,-1598,372
16,1200
13,
--------------------------
Platform
1792,880,-1036,-1201
16,1280
13,
--------------------------
Platform
1760,3360,-1331,1536
48,1344
13,
--------------------------
Platform
1792,0,-526,-1638
16,688
13,
--------------------------
Platform
1808,3136,-1358,1295
16,1568
13,
--------------------------
Platform
1808,1824,-1582,36
16,1312
13,
--------------------------
Platform
1808,896,-1018,-1191
16,928
13,
--------------------------
Platform
1808,0,-508,-1624
16,704
13,
--------------------------
Platform
1824,0,-492,-1624
16,720
13,
--------------------------
Platform
1824,912,-1002,-1175
16,1056
13,
--------------------------
Platform
1824,3360,-1267,1537
32,1344
13,
--------------------------
Platform
1840,0,-472,-1598
16,736
13,
--------------------------
Platform
1840,928,-986,-1159
16,1040
13,
--------------------------
Platform
1824,1968,-1566,180
32,1392
13,
--------------------------
Platform
1856,944,-1235,-879
16,320
13,
--------------------------
Platform
1856,0,-456,-1598
16,752
13,
--------------------------
Platform
1872,960,-1294,-881
16,304
13,
--------------------------
Platform
1872,0,-440,-1598
16,768
13,
--------------------------
Platform
1856,1264,-1534,-524
32,1584
13,
--------------------------
Platform
1856,2848,-1534,1060
32,1184
13,
--------------------------
Platform
1888,1824,-1502,36
16,1312
13,
--------------------------
Platform
1888,0,-424,-1598
16,784
13,
--------------------------
Platform
1888,3136,-1502,1348
16,896
13,
--------------------------
Platform
1888,976,-1274,-865
16,848
13,
--------------------------
Platform
1904,2848,-1486,1060
16,1184
13,
--------------------------
Platform
1904,992,-1258,-849
16,672
13,
--------------------------
Platform
1904,1664,-1486,-124
16,1184
13,
--------------------------
Platform
1904,0,-400,-1547
16,800
13,
--------------------------
Platform
1920,3360,-1179,1592
16,672
13,
--------------------------
Platform
1920,1008,-1456,-669
16,1248
13,
--------------------------
Platform
1920,2256,-1470,468
16,1104
13,
--------------------------
Platform
1920,0,-527,-1849
16,816
13,
--------------------------
Platform
1936,3008,-1438,1333
16,1024
13,
--------------------------
Platform
1936,1584,-1454,-204
16,1424
13,
--------------------------
Platform
1936,1024,-1438,-651
16,560
13,
--------------------------
Platform
1952,3136,-1422,1461
16,896
13,
--------------------------
Platform
1952,1664,-1438,-124
16,1472
13,
--------------------------
Platform
1952,1040,-1422,-635
16,624
13,
--------------------------
Platform
1968,1584,-1422,-204
16,1424
13,
--------------------------
Platform
1936,0,-503,-1819
48,832
13,
--------------------------
Platform
1968,1056,-1404,-617
16,528
13,
--------------------------
Platform
1984,1504,-1406,-284
16,1504
13,
--------------------------
Platform
1984,1072,-1388,-601
16,432
13,
--------------------------
Platform
1984,0,-455,-1819
16,848
13,
--------------------------
Platform
1968,3008,-1404,1335
32,1024
13,
--------------------------
Platform
2000,1824,-1390,36
16,1536
13,
--------------------------
Platform
2000,1088,-1390,-700
16,736
13,
--------------------------
Platform
2000,0,-439,-1819
16,864
13,
--------------------------
Platform
2016,1104,-1374,-684
16,912
13,
--------------------------
Platform
2016,0,-419,-1805
16,880
13,
--------------------------
Platform
2000,3360,-1370,1689
48,672
13,
--------------------------
Platform
2032,1120,-1358,-668
16,896
13,
--------------------------
Platform
2032,0,-403,-1805
16,896
13,
--------------------------
Platform
2016,2016,-1374,228
32,1344
13,
--------------------------
Platform
2048,2656,-1342,868
16,1376
13,
--------------------------
Platform
2048,1136,-1342,-652
16,1520
13,
--------------------------
Platform
2048,0,-387,-1805
16,912
13,
--------------------------
Platform
2064,3008,-1326,1220
16,1024
13,
--------------------------
Platform
2064,1152,-1326,-636
16,400
13,
--------------------------
Platform
2064,1552,-1326,-236
16,1456
13,
--------------------------
Platform
2064,0,-371,-1805
16,928
13,
--------------------------
Coin
2080,1136,410,325
9,9
20,21,22,23,24,25,26,27,
--------------------------
Platform
2080,3360,-1284,1692
16,672
13,
--------------------------
Platform
2080,2368,-1310,580
16,992
13,
--------------------------
Platform
2080,1168,-1310,-620
16,1200
13,
--------------------------
Platform
2080,0,-351,-1792
16,944
13,
--------------------------
Platform
2096,2656,-1294,868
16,1376
13,
--------------------------
Platform
2096,1184,-1294,-604
16,1472
13,
--------------------------
Platform
2112,1552,-1278,-236
16,1456
13,
--------------------------
Platform
2112,1200,-1278,-588
16,352
13,
--------------------------
Platform
2096,0,-335,-1792
32,960
13,
--------------------------
Platform
2128,1216,-1262,-572
16,896
13,
--------------------------
Platform
2128,2112,-1262,324
16,896
13,
--------------------------
Platform
2128,0,-303,-1792
16,976
13,
--------------------------
Platform
2144,1232,-1246,-556
16,272
13,
--------------------------
Platform
2144,1504,-1246,-284
16,1504
13,
--------------------------
Platform
2112,3008,-1278,1220
48,1024
13,
--------------------------
Platform
2144,0,-285,-1786
16,992
13,
--------------------------
Platform
2160,2016,-1230,228
16,1120
13,
--------------------------
Platform
2160,1248,-1230,-540
16,768
13,
--------------------------
Platform
2160,0,-269,-1786
16,1008
13,
--------------------------
Platform
2160,3136,-1230,1348
32,896
13,
--------------------------
Platform
2176,1664,-1214,-124
16,1472
13,
--------------------------
Platform
2176,1264,-1214,-524
16,400
13,
--------------------------
Platform
2176,0,-251,-1780
16,1024
13,
--------------------------
Platform
2192,2656,-1198,868
16,1376
13,
--------------------------
Platform
2192,0,-235,-1780
16,1040
13,
--------------------------
Platform
2192,1280,-1198,-508
16,1376
13,
--------------------------
Platform
2208,1296,-1182,-492
16,256
13,
--------------------------
Platform
2208,0,-215,-1768
16,1056
13,
--------------------------
Platform
2208,1552,-1182,-236
80,1456
13,
--------------------------
Platform
2224,1312,-1166,-476
64,240
13,
--------------------------
Platform
2208,3008,-1182,1220
80,1024
13,
--------------------------
Coin
2288,1280,412,287
9,9
20,21,22,23,24,25,26,27,
--------------------------
Platform
2288,1664,-1102,-124
16,1472
13,
--------------------------
Platform
2288,1312,-1102,-476
16,352
13,
--------------------------
Platform
2304,1312,-1086,-476
48,240
13,
--------------------------
Platform
2304,1552,-1086,-236
48,1584
13,
--------------------------
Platform
2288,3136,-1102,1348
64,896
13,
--------------------------
Platform
2224,0,-195,-1758
128,1072
13,
--------------------------
Platform
2352,3552,-1038,1764
16,480
13,
--------------------------
Platform
2352,1312,-1038,-476
16,800
13,
--------------------------
Platform
2352,2112,-1038,324
16,1440
13,
--------------------------
Platform
2352,0,-65,-1748
16,1088
13,
--------------------------
Platform
2368,2016,-1022,228
16,1120
13,
--------------------------
Platform
2368,1312,-1022,-476
16,704
13,
--------------------------
Platform
2368,3136,-1022,1348
16,896
13,
--------------------------
Platform
2368,0,-49,-1748
16,1104
13,
--------------------------
Platform
2384,3008,-1006,1220
16,1024
13,
--------------------------
Platform
2384,2256,-1006,468
16,752
13,
--------------------------
Platform
2384,1312,-1006,-476
16,944
13,
--------------------------
Platform
2384,0,-33,-1748
16,1120
13,
--------------------------
Platform
2400,3552,-990,1764
16,480
13,
--------------------------
Platform
2400,2112,-990,324
16,1440
13,
--------------------------
Platform
2400,0,-17,-1731
16,1136
13,
--------------------------
Platform
2400,1312,-990,-476
16,800
13,
--------------------------
Platform
2416,1312,-974,-476
16,1344
13,
--------------------------
Platform
2416,2656,-974,868
16,1376
13,
--------------------------
Platform
2416,0,-1,-1731
16,1152
13,
--------------------------
Platform
2432,2368,-958,580
16,640
13,
--------------------------
Platform
2432,3008,-958,1220
16,1024
13,
--------------------------
Platform
2432,1312,-958,-476
16,1056
13,
--------------------------
Platform
2432,0,15,-1731
16,1168
13,
--------------------------
Platform
2448,1328,-942,-460
16,1520
13,
--------------------------
Platform
2448,2848,-942,1060
16,1184
13,
--------------------------
Platform
2448,0,31,-1731
16,1184
13,
--------------------------
Platform
2464,2720,-926,932
16,1312
13,
--------------------------
Platform
2464,1344,-926,-444
16,1376
13,
--------------------------
Platform
2464,0,47,-1731
16,1200
13,
--------------------------
Platform
2480,3008,-910,1220
16,1024
13,
--------------------------
Platform
2480,1360,-910,-428
16,304
13,
--------------------------
Platform
2480,0,63,-1731
16,1216
13,
--------------------------
Platform
2480,1664,-910,-124
16,1344
13,
--------------------------
Platform
2496,2656,-894,868
16,1376
13,
--------------------------
Platform
2496,1376,-894,-412
16,1280
13,
--------------------------
Platform
2496,0,79,-1723
16,1232
13,
--------------------------
Platform
2512,1392,-878,-396
16,768
13,
--------------------------
Platform
2512,2160,-878,372
16,848
13,
--------------------------
Platform
2512,0,95,-1723
16,1248
13,
--------------------------
Platform
2528,2368,-862,580
16,640
13,
--------------------------
Platform
2528,1408,-862,-380
16,960
13,
--------------------------
Platform
2528,0,111,-1720
16,1264
13,
--------------------------
Platform
2544,1424,-846,-364
16,1584
13,
--------------------------
Platform
2512,3008,-878,1220
48,1024
13,
--------------------------
Platform
2544,0,127,-1720
16,1280
13,
--------------------------
Platform
2560,2720,-830,932
16,1312
13,
--------------------------
Platform
2560,0,143,-1720
16,1296
13,
--------------------------
Platform
2560,1440,-830,-348
16,1280
13,
--------------------------
Platform
2576,2656,-814,868
16,1376
13,
--------------------------
Platform
2576,1456,-814,-332
16,1200
13,
--------------------------
Platform
2576,0,159,-1717
16,1312
13,
--------------------------
Snake
2576,1438,393,319
44,18
37,38,
-4,00
--------------------------
Platform
2592,1472,-798,-316
16,1376
13,
--------------------------
Platform
2592,2848,-798,1060
16,1184
13,
--------------------------
Platform
2592,0,175,-1714
16,1328
13,
--------------------------
Platform
2608,2656,-782,868
16,1376
13,
--------------------------
Platform
2608,1488,-782,-300
16,1168
13,
--------------------------
Platform
2608,0,191,-1714
16,1344
13,
--------------------------
Platform
2624,3136,-766,1348
16,896
13,
--------------------------
Platform
2624,2016,-766,228
16,1120
13,
--------------------------
Platform
2624,0,207,-1711
16,1360
13,
--------------------------
Platform
2624,1504,-766,-284
16,512
13,
--------------------------
Coin
2640,1504,-750,-284
9,9
20,21,22,23,24,25,26,27,
--------------------------
Platform
1856,4032,0,0
800,672
13,
--------------------------
Platform
0,4704,0,0
2656,896
13,
--------------------------
Platform
2640,3008,-750,1220
16,1024
13,
--------------------------
Platform
2640,1520,-750,-268
16,1488
13,
--------------------------
Coin
2656,1488,413,318
9,9
20,21,22,23,24,25,26,27,
--------------------------
Snake
3172,2462,-218,674
44,18
37,38,
20,00
--------------------------
Coin
2656,1968,-734,180
9,9
20,21,22,23,24,25,26,27,
--------------------------
Platform
2656,3552,-734,1764
16,1584
13,
--------------------------
Platform
2656,2160,-734,372
16,1392
13,
--------------------------
Platform
2672,2160,-718,372
16,1264
13,
--------------------------
Platform
2688,2176,-702,388
16,1248
13,
--------------------------
Platform
2672,4928,0,0
48,208
13,
--------------------------
Platform
2672,3424,-718,1636
48,1504
13,
--------------------------
Platform
2704,2192,-686,404
16,1232
13,
--------------------------
Platform
2720,3648,-670,1860
16,1488
13,
--------------------------
Platform
2720,2208,-670,420
16,1440
13,
--------------------------
Coin
2736,1552,-654,-236
9,9
20,21,22,23,24,25,26,27,
--------------------------
Coin
2736,2208,-654,420
9,9
20,21,22,23,24,25,26,27,
--------------------------
Platform
2736,1584,-654,-204
32,304
13,
--------------------------
Platform
2736,4032,-414,2191
32,1104
13,
--------------------------
Platform
2736,3056,-654,1268
32,976
13,
--------------------------
Platform
2736,2224,-654,436
32,832
13,
--------------------------
Platform
2768,2240,-622,452
16,1312
13,
--------------------------
Platform
2768,3552,-622,1764
16,1584
13,
--------------------------
Coin
2784,1568,-606,-220
9,9
20,21,22,23,24,25,26,27,
--------------------------
Platform
2784,3760,-606,1972
16,1376
13,
--------------------------
Platform
2784,2240,-606,452
16,1520
13,
--------------------------
Platform
2800,3648,-590,1860
16,1488
13,
--------------------------
Platform
2800,2256,-590,468
16,1392
13,
--------------------------
Platform
2656,5136,0,0
192,464
13,
--------------------------
Platform
2816,3312,-574,1524
32,720
13,
--------------------------
Platform
2816,4032,-334,2191
32,1104
13,
--------------------------
Platform
2816,2272,-574,484
32,1040
13,
--------------------------
Coin
2848,1568,-542,-220
9,9
20,21,22,23,24,25,26,27,
--------------------------
Coin
2848,1584,-542,-204
9,9
20,21,22,23,24,25,26,27,
--------------------------
Platform
2768,1600,-622,-188
96,288
13,
--------------------------
Platform
2848,4272,-184,2354
16,1328
13,
--------------------------
Platform
2848,2288,-542,500
16,1216
13,
--------------------------
Platform
2848,3504,-542,1716
16,768
13,
--------------------------
Platform
2864,1616,-526,-172
16,272
13,
--------------------------
Platform
2864,3360,-526,1572
48,1568
13,
--------------------------
Platform
2880,1632,-510,-156
32,256
13,
--------------------------
Platform
2864,2288,-526,500
48,1072
13,
--------------------------
Bat
3770,1984,380,196
41,18
39,40,
2,03
--------------------------
Coin
2912,1984,-478,196
9,9
20,21,22,23,24,25,26,27,
--------------------------
Platform
2800,1472,-590,-316
128,16
13,
--------------------------
Platform
2912,1632,-478,-156
16,272
13,
--------------------------
Coin
2928,1600,-462,-188
9,9
20,21,22,23,24,25,26,27,
--------------------------
Platform
2864,2016,-526,228
80,16
13,
--------------------------
Platform
2912,3648,-478,1860
32,1280
13,
--------------------------
Platform
2912,2304,-478,516
32,1344
13,
--------------------------
Platform
2944,3360,-446,1572
16,1568
13,
--------------------------
Platform
2944,2320,-446,532
16,1040
13,
--------------------------
Platform
2960,2208,-430,420
16,16
13,
--------------------------
Platform
2960,3616,-430,1828
16,1312
13,
--------------------------
Platform
2928,1648,-462,-140
48,272
13,
--------------------------
Platform
2960,2320,-430,532
16,1296
13,
--------------------------
Coin
2976,2288,414,300
9,9
20,21,22,23,24,25,26,27,
--------------------------
Platform
2976,3424,-414,1636
16,1504
13,
--------------------------
Platform
2976,2336,-414,548
16,1088
13,
--------------------------
Platform
2864,4928,0,0
144,672
13,
--------------------------
Platform
2992,3472,-398,1684
16,1456
13,
--------------------------
Platform
2992,2336,-398,548
16,1136
13,
--------------------------
Coin
3008,1632,-382,-156
9,9
20,21,22,23,24,25,26,27,
--------------------------
Platform
2976,1664,-414,-124
48,256
13,
--------------------------
Platform
3008,3712,-382,1924
32,1424
13,
--------------------------
Platform
3024,1680,-366,-108
16,240
13,
--------------------------
Platform
3008,2336,-382,548
32,1376
13,
--------------------------
Platform
2640,0,227,-1693
400,1376
13,
--------------------------
Platform
3040,1696,-350,-92
16,240
13,
--------------------------
Platform
3040,2352,-350,564
16,1072
13,
--------------------------
Platform
3040,3424,-350,1636
16,608
13,
--------------------------
Platform
3040,0,628,-1694
16,1392
13,
--------------------------
Platform
3040,4032,-262,2296
32,1104
13,
--------------------------
Platform
3056,1712,-334,-76
16,240
13,
--------------------------
Platform
3056,2368,-334,580
16,288
13,
--------------------------
Platform
3056,2656,-334,868
16,1376
13,
--------------------------
Platform
3056,0,650,-1697
16,1408
13,
--------------------------
Platform
3040,2208,-350,420
48,16
13,
--------------------------
Platform
2992,1472,-398,-316
96,16
13,
--------------------------
Platform
3072,3616,-318,1828
16,1520
13,
--------------------------
Platform
3072,1728,-318,-60
16,240
13,
--------------------------
Platform
3072,0,666,-1697
16,1424
13,
--------------------------
Platform
3072,2384,-318,596
16,1232
13,
--------------------------
Platform
3008,5136,0,0
96,464
13,
--------------------------
Platform
3088,3648,-302,1860
16,1488
13,
--------------------------
Platform
3088,1744,-302,-44
16,240
13,
--------------------------
Platform
3088,2400,-302,612
16,1248
13,
--------------------------
Platform
3088,0,684,-1698
16,1440
13,
--------------------------
Platform
3104,3936,-286,2148
16,1520
13,
--------------------------
Platform
3104,1760,-286,-28
16,240
13,
--------------------------
Platform
3104,2416,-286,628
16,1520
13,
--------------------------
Platform
3104,0,700,-1698
16,1456
13,
--------------------------
Platform
3104,5456,0,0
32,144
13,
--------------------------
Platform
3120,3888,-270,2100
16,1568
13,
--------------------------
Platform
3120,1776,-270,-12
16,240
13,
--------------------------
Platform
3120,0,716,-1698
16,1472
13,
--------------------------
Platform
3120,2432,-270,644
16,1456
13,
--------------------------
Coin
3136,2416,402,321
9,9
20,21,22,23,24,25,26,27,
--------------------------
Platform
3136,1792,-254,4
16,240
13,
--------------------------
Platform
3136,2448,-254,660
16,464
13,
--------------------------
Platform
3136,2912,-254,1124
16,1584
13,
--------------------------
Platform
3136,0,736,-1702
16,1488
13,
--------------------------
Platform
3136,4496,0,0
32,1104
13,
--------------------------
Platform
3152,2464,-238,676
16,800
13,
--------------------------
Platform
3152,1808,-238,20
16,240
13,
--------------------------
Platform
3152,3264,-238,1476
16,1232
13,
--------------------------
Platform
3152,0,754,-1704
16,1504
13,
--------------------------
Platform
3168,4032,-104,2245
16,1568
13,
--------------------------
Platform
3168,1824,-222,36
16,240
13,
--------------------------
Platform
3168,2480,-222,692
16,1552
13,
--------------------------
Platform
3168,0,774,-1708
16,1520
13,
--------------------------
Platform
3184,2288,-206,500
16,16
13,
--------------------------
Coin
3184,2256,-206,468
9,9
20,21,22,23,24,25,26,27,
--------------------------
Platform
3200,4704,0,0
16,896
13,
--------------------------
Platform
3200,3136,-190,1348
16,1568
13,
--------------------------
Platform
3200,2480,-190,692
16,656
13,
--------------------------
Platform
3200,0,808,-1711
16,1552
13,
--------------------------
Platform
3184,1840,-206,52
16,240
13,
--------------------------
Platform
3184,4128,43,2287
16,1472
13,
--------------------------
Platform
3168,1712,-222,-76
32,16
13,
--------------------------
Platform
3024,2096,-366,308
176,16
13,
--------------------------
Platform
3184,2496,-206,708
16,400
13,
--------------------------
Platform
3184,2896,-206,1108
16,1232
13,
--------------------------
Platform
3184,0,794,-1714
16,1536
13,
--------------------------
Platform
3216,2464,-174,676
16,1568
13,
--------------------------
Platform
3216,0,826,-1714
16,1568
13,
--------------------------
Platform
3216,4032,-188,2245
32,1568
13,
--------------------------
Platform
3232,2448,-158,660
16,1584
13,
--------------------------
Platform
3232,0,846,-1720
16,1584
13,
--------------------------
Platform
3248,3312,-142,1524
16,1392
13,
--------------------------
Platform
3248,2432,-142,644
16,880
13,
--------------------------
Platform
3248,0,862,-1720
16,352
13,
--------------------------
Platform
3248,352,-142,-1436
16,1248
13,
--------------------------
Platform
3264,2416,-126,628
16,944
13,
--------------------------
Platform
3264,3360,-126,1572
16,1344
13,
--------------------------
Platform
3264,0,878,-1720
16,400
13,
--------------------------
Platform
3264,400,-126,-1388
16,1216
13,
--------------------------
Platform
3280,3760,-110,1972
16,944
13,
--------------------------
Platform
3280,2400,-110,612
16,1360
13,
--------------------------
Platform
3280,0,900,-1731
16,432
13,
--------------------------
Platform
3280,432,-110,-1356
16,1200
13,
--------------------------
Platform
3296,2384,-94,596
16,1120
13,
--------------------------
Platform
3296,3504,-94,1716
16,1200
13,
--------------------------
Platform
3296,0,916,-1731
16,480
13,
--------------------------
Platform
3296,480,-94,-1308
16,1168
13,
--------------------------
Platform
3312,3552,-78,1764
16,1152
13,
--------------------------
Platform
3312,2368,-78,580
16,1184
13,
--------------------------
Platform
3312,800,-78,-988
16,864
13,
--------------------------
Platform
3312,0,932,-1731
16,800
13,
--------------------------
Platform
3328,2352,-62,564
16,1296
13,
--------------------------
Platform
3328,0,948,-1731
16,688
13,
--------------------------
Platform
3328,688,-62,-1100
16,992
13,
--------------------------
Platform
3344,2336,-46,548
16,1312
13,
--------------------------
Platform
3344,704,-46,-1084
16,992
13,
--------------------------
Platform
3344,0,964,-1731
16,704
13,
--------------------------
Platform
3360,2320,-30,532
16,1328
13,
--------------------------
Platform
3328,3648,-62,1860
48,1056
13,
--------------------------
Platform
3360,0,980,-1731
16,592
13,
--------------------------
Platform
3360,592,-30,-1196
16,1120
13,
--------------------------
Platform
3376,0,996,-1731
16,832
13,
--------------------------
Platform
3376,3472,-14,1684
16,1232
13,
--------------------------
Platform
3376,2304,-14,516
16,1168
13,
--------------------------
Platform
3376,832,-14,-956
16,896
13,
--------------------------
Platform
3392,2288,2,500
16,1264
13,
--------------------------
Platform
3392,816,2,-972
16,928
13,
--------------------------
Platform
3392,0,-6,-1763
16,816
13,
--------------------------
Platform
3392,3552,2,1764
32,1152
13,
--------------------------
Platform
3408,2272,18,484
16,1280
13,
--------------------------
Platform
3408,928,18,-860
16,832
13,
--------------------------
Platform
3408,0,14,-1753
16,928
13,
--------------------------
Platform
3424,2256,34,468
16,880
13,
--------------------------
Platform
3424,672,34,-1116
16,1104
13,
--------------------------
Platform
3424,0,32,-1748
16,672
13,
--------------------------
Platform
3440,2240,50,452
16,896
13,
--------------------------
Platform
3424,3136,34,1348
32,1568
13,
--------------------------
Platform
3440,608,50,-1180
16,1184
13,
--------------------------
Platform
3440,0,50,-1743
16,608
13,
--------------------------
Platform
3456,3360,66,1572
16,1344
13,
--------------------------
Platform
3456,2224,66,436
16,1136
13,
--------------------------
Platform
3456,640,66,-1148
16,1168
13,
--------------------------
Platform
3456,0,62,-1735
16,640
13,
--------------------------
Platform
3472,2208,82,420
16,1344
13,
--------------------------
Platform
3472,832,82,-956
16,992
13,
--------------------------
Platform
3472,0,76,-1731
16,832
13,
--------------------------
Platform
3472,3552,82,1764
32,1152
13,
--------------------------
Platform
3488,0,92,-1731
16,272
13,
--------------------------
Platform
3488,272,98,-1516
16,1568
13,
--------------------------
Platform
3488,2192,98,404
16,1360
13,
--------------------------
Platform
3504,3648,114,1860
16,1056
13,
--------------------------
Platform
3504,2176,114,388
16,1472
13,
--------------------------
Platform
3504,0,104,-1723
16,1088
13,
--------------------------
Platform
3504,1088,114,-700
16,768
13,
--------------------------
Platform
3520,3360,130,1572
16,1344
13,
--------------------------
Platform
3520,2160,130,372
16,1200
13,
--------------------------
Platform
3520,816,130,-972
16,1056
13,
--------------------------
Platform
3520,0,116,-1717
16,816
13,
--------------------------
Coin
3536,2135,413,295
18,18
60,61,62,63,64,65,66,67,
--------------------------
Coin
3552,2144,413,303
9,9
20,21,22,23,24,25,26,27,
--------------------------
Coin
3568,2135,412,294
18,18
60,61,62,63,64,65,66,67,
--------------------------
Coin
3584,2144,414,303
9,9
20,21,22,23,24,25,26,27,
--------------------------
Coin
3600,2135,414,294
18,18
60,61,62,63,64,65,66,67,
--------------------------
Coin
3616,2135,412,294
18,18
60,61,62,63,64,65,66,67,
--------------------------
Coin
3632,2144,412,303
9,9
20,21,22,23,24,25,26,27,
--------------------------
Coin
3648,2144,413,303
9,9
20,21,22,23,24,25,26,27,
--------------------------
Coin
3680,2144,290,356
9,9
20,21,22,23,24,25,26,27,
--------------------------
Mummy
3762,2106,372,318
46,54
41,42,
44,100
--------------------------
Coin
3712,2135,322,347
18,18
60,61,62,63,64,65,66,67,
--------------------------
Coin
3728,2135,338,347
18,18
60,61,62,63,64,65,66,67,
--------------------------
Coin
3744,2144,354,356
9,9
20,21,22,23,24,25,26,27,
--------------------------
Coin
3760,2135,370,347
18,18
60,61,62,63,64,65,66,67,
--------------------------
Coin
3776,2135,386,347
18,18
60,61,62,63,64,65,66,67,
--------------------------
Coin
3792,2144,402,356
9,9
20,21,22,23,24,25,26,27,
--------------------------
Coin
3808,2135,418,347
18,18
60,61,62,63,64,65,66,67,
--------------------------
Coin
3824,2135,434,347
18,18
60,61,62,63,64,65,66,67,
--------------------------
Coin
3840,2135,450,347
18,18
68,69,68,69,68,69,68,69,
--------------------------
Platform
3536,3184,146,1396
320,1520
13,
--------------------------
Platform
3536,2160,146,372
320,1024
13,
--------------------------
Platform
3536,0,140,-1696
320,464
13,
--------------------------
Platform
3536,464,146,-1324
320,1408
13,
--------------------------
Platform
3856,1552,466,-236
16,1584
13,
--------------------------
Platform
3856,0,466,-1788
16,1552
13,
--------------------------
Platform
3856,3136,466,1348
480,1568
13,
--------------------------
Platform
3248,4704,0,0
1088,896
13,
--------------------------
Platform
3872,2016,482,228
464,1120
13,
--------------------------
Platform
3872,1200,482,-588
464,816
13,
--------------------------
Platform
3872,0,482,-1788
464,1200
13,
